['C:\\Users\\anna\\orleans\\src\\Azure\\Orleans.Persistence.AzureStorage\\Providers\\Storage\\AzureTableStorage.cs:409:Azure.Data.Tables;Azure.Data.Tables.TableClient.GetEntityAsync(string,string,System.Collections.Generic.IEnumerable`1[string],System.Threading.CancellationToken):Orleans.Storage.AzureTableGrainStorage.GrainStateTableDataManager.Read(?)']	3
['C:\\Users\\anna\\orleans\\src\\Azure\\Orleans.Streaming.AzureStorage\\Storage\\AzureQueueDataManager.cs:121:Azure.Storage.Queues;Azure.Storage.Queues.QueueClient.CreateIfNotExistsAsync(System.Collections.Generic.IDictionary`2[string,string],System.Threading.CancellationToken):Orleans.AzureUtils.AzureQueueDataManager.InitQueueAsync(?)']	16
['C:\\Users\\anna\\orleans\\src\\Azure\\Orleans.Streaming.AzureStorage\\Storage\\AzureQueueDataManager.cs:171:Azure.Storage.Queues;Azure.Storage.Queues.QueueClient.ClearMessagesAsync(System.Threading.CancellationToken):Orleans.AzureUtils.AzureQueueDataManager.ClearQueue(?)']	8
['C:\\Users\\anna\\orleans\\src\\Azure\\Orleans.Streaming.AzureStorage\\Storage\\AzureQueueDataManager.cs:202:Azure.Storage.Queues;Azure.Storage.Queues.QueueClient.SendMessageAsync(string):Orleans.AzureUtils.AzureQueueDataManager.AddQueueMessage(?)']	90
['C:\\Users\\anna\\orleans\\src\\Azure\\Orleans.Streaming.AzureStorage\\Storage\\AzureQueueDataManager.cs:283:Azure.Storage.Queues;Azure.Storage.Queues.QueueClient.ReceiveMessagesAsync(System.Nullable`1[int],System.Nullable`1[System.TimeSpan],System.Threading.CancellationToken):Orleans.AzureUtils.AzureQueueDataManager.GetQueueMessages(?)']	845
['C:\\Users\\anna\\orleans\\src\\Azure\\Orleans.Streaming.AzureStorage\\Storage\\AzureQueueDataManager.cs:308:Azure.Storage.Queues;Azure.Storage.Queues.QueueClient.DeleteMessageAsync(string,string,System.Threading.CancellationToken):Orleans.AzureUtils.AzureQueueDataManager.DeleteQueueMessage(?)']	90
['C:\\Users\\anna\\orleans\\src\\Azure\\Shared\\Storage\\AzureTableDataManager.cs:171:Azure.Data.Tables;Azure.Data.Tables.TableClient.AddEntityAsync(!!0,System.Threading.CancellationToken):Orleans.Persistence.AzureStorage.AzureTableDataManager`1.CreateTableEntryAsync[](?)']	1
['C:\\Users\\anna\\orleans\\src\\Azure\\Shared\\Storage\\AzureTableDataManager.cs:322:Azure.Data.Tables;Azure.Data.Tables.TableClient.UpdateEntityAsync(!!0,Azure.ETag,Azure.Data.Tables.TableUpdateMode,System.Threading.CancellationToken):Orleans.Persistence.AzureStorage.AzureTableDataManager`1.UpdateTableEntryAsync[](?)']	6
['C:\\Users\\anna\\orleans\\src\\Azure\\Shared\\Storage\\AzureTableDataManager.cs:84:Azure.Data.Tables;Azure.Data.Tables.TableClient.CreateIfNotExistsAsync(System.Threading.CancellationToken):Orleans.Persistence.AzureStorage.AzureTableDataManager`1.InitTableAsync[](?)']	4
